minutes
11.6
14.06
11.7
11.41
9.44
11.74
15.98
13.78
15.74
13.22
13.68
13.01
7.09
15.16
14.04
14.02
7.01
6.84
9.57
10.92
13.4
12.27
14.09
10.36
13.41
13.68
10.3
17.92
14.2
16.25
10.43
10.05
11.32
12.08
14.44
13.21
10.99
9.36
10.75
16.33
9.83
13.2
13.78
7.65
12.58
16.6
5.97
11.39
12.08
9.8
14.01
12.22
7.73
15.07
14.56
15.45
17.03
13.58
12.8
8.26
14.39
10.46
10.97
8.37
9.32
10.72
16.54
5.92
7.76
13.19
17.04
14.27
6.34
4.36
13.56
10.06
8.84
15.55
15.95
12.92
13.21
13.81
17.52
14.4
14.08
14.17
7.4
16.52
15.48
14.11
6.1
10.39
15.12
6.62
11.83
15.68
8.22
17.57
14.19
11.94
13.46
14.5
12.81
16.09
10.3
11.09
15.75
12.51
9.6
15.45
17.11
11.0
8.0
11.99
11.94
11.47
16.92
9.13
16.45
8.36
9.9
14.44
16.03
15.17
13.52
12.88
12.91
14.26
11.86
13.31
14.25
12.42
14.86
14.23
18.85
13.46
11.05
11.23
12.38
15.38
11.34
13.65
18.3
4.21
8.82
13.2
13.69
13.18
11.04
14.52
13.32
10.75
20.2
13.56
10.65
12.1
11.7
12.22
3.69
10.86
15.65
8.68
12.21
15.47
15.16
17.19
6.98
11.29
11.33
14.41
15.91
3.83
15.9
7.79
14.61
7.65
12.98
16.24
11.94
13.03
14.97
12.87
12.14
17.33
15.78
11.48
21.21
8.75
15.35
11.57
12.84
14.68
13.13
14.46
7.53
7.59
14.39
9.34
9.13
7.72
16.47
14.81
17.13
9.42
12.42
8.77
14.87
17.51
9.57
17.41
15.58
11.85
6.11
16.92
12.11
10.49
13.7
13.73
17.21
9.16
16.06
17.18
17.07
11.84
10.04
15.68
12.79
12.82
16.98
11.58
5.07
11.18
6.49
15.04
13.43
10.46
12.39
15.08
12.67
16.66
12.22
15.75
17.19
17.57
10.27
15.24
6.42
8.95
6.14
15.84
8.48
12.38
11.8
12.33
10.53
13.17
18.15
12.56
14.12
15.62
11.79
8.39
10.64
15.86
7.15
10.51
15.64
14.96
12.44
15.0
12.95
8.65
7.42
10.38
15.37
10.61
9.53
9.95
7.52
12.04
8.65
13.59
4.87
13.47
10.37
6.21
14.74
11.54
5.28
9.62
13.35
10.95
14.92
14.81
14.55
13.47
16.69
14.53
13.86
5.75
15.29
16.61
11.47
10.92
18.63
6.79
13.92
20.18
9.45
14.63
18.46
12.04
14.22
15.31
9.52
12.13
13.36
15.06
12.31
11.79
9.17
11.27
15.27
12.75
9.69
9.73
20.95
16.07
14.46
4.12
14.41
13.96
17.81
13.79
12.2
14.09
6.2
15.73
13.46
10.17
16.66
18.21
7.93
10.29
13.35
13.01
11.14
9.3
19.21
15.74
8.6
8.12
17.87
15.59
18.25
15.01
9.63
13.25
5.51
10.03
12.23
14.09
10.09
12.02
13.89
13.63
14.46
13.09
11.38
14.95
12.58
9.78
10.42
12.42
12.07
12.92
12.42
12.98
11.99
8.39
13.77
15.79
13.81
11.81
13.85
9.33
6.35
12.61
9.44
14.79
8.95
4.01
9.09
17.47
11.2
8.04
9.98
14.09
14.01
12.99
17.17
14.68
12.35
14.33
17.71
15.53
15.7
8.95
11.95
14.76
11.47
15.84
14.33
15.33
11.74
20.57
16.39
11.73
12.71
20.72
11.32
15.22
15.56
12.44
8.69
13.02
13.57
16.03
14.93
12.5
15.15
14.15
13.08
12.6
11.64
14.62
9.05
10.41
12.44
7.74
11.03
5.99
10.23
14.24
14.23
12.25
11.68
7.89
18.27
14.07
15.92
9.6
11.83
6.6
14.92
15.41
6.35
12.25
14.44
6.78
6.58
9.01
10.41
7.93
12.52
13.22
14.45
14.67
17.23
16.15
8.22
10.8
9.03
8.97
12.16
12.44
13.99
7.34
8.46
12.35
11.78
11.42
12.22
9.99
14.66
13.55
12.14
10.27
11.86
3.71
9.28
12.54
7.61
13.06
12.89
8.01
11.62
11.42
13.89
14.38