minutes
18.45
19.58
15.22
15.01
17.6
20.45
17.7
14.46
15.27
16.76
18.83
16.85
16.13
16.4
17.22
15.34
16.88
17.42
20.25
16.76
18.86
14.76
18.64
17.21
15.77
16.83
18.73
16.21
18.99
20.01
20.22
20.21
14.26
17.58
15.48
18.83
17.03
17.34
17.83
15.66
17.08
15.4
21.17
15.94
16.92
13.25
13.84
15.16
18.53
18.47
17.46
15.56
20.7
14.77
15.12
17.89
14.83
17.43
18.89
16.74
17.73
16.97
15.5
10.34
14.37
16.87
13.5
15.72
17.31
19.64
14.06
15.79
17.35
17.97
14.03
20.73
15.19
19.14
16.47
17.73
20.34
18.35
17.15
14.8
15.53
13.93
21.07
13.66
11.54
20.29
19.53
16.14
18.62
15.18
15.69
17.93
17.7
15.93
20.25
18.41
17.17
14.42
17.17
16.22
16.72
18.55
15.69
17.43
18.54
17.62
21.66
13.25
16.75
14.41
16.74
22.11
13.46
16.27
18.24
17.07
18.78
13.63
18.9
14.88
14.33
18.05
17.86
15.35
15.16
16.45
16.84
16.51
14.75
12.02
19.6
17.22
14.27
13.59
15.41
15.99
12.41
19.77
17.74
16.18
17.58
17.33
19.07
17.17
19.48
20.08
16.2
15.91
15.01
16.36
15.33
16.87
17.48
17.97
14.43
19.1
16.2
16.61
15.77
12.67
17.37
13.14
19.15
16.93
20.1
18.2
18.31
19.76
16.75
20.05
16.57
17.38
15.43
17.97
18.24
15.78
14.16
16.76
17.72
16.5
14.8
15.32
16.28
11.35
15.61
19.84
14.15
16.38
20.36
18.31
18.76
16.52
14.06
22.85
17.46
17.33
20.26
18.52
16.95
14.52
16.51
16.52
15.41
15.02
14.74
16.58
15.59
17.68
18.95
17.49
16.87
20.09
18.19
13.74
15.33
17.23
14.99
18.41
13.16
12.84
18.87
18.04
13.48
16.98
19.63
14.49
14.34
14.28
14.76
13.19
15.81
13.79
16.95
21.49
14.62
18.71
19.26
11.99
17.05
16.79
16.11
18.49
15.9
17.55
16.0
16.53
15.18
21.57
16.7
14.47
20.89
20.11
16.4
15.44
15.27
19.4
16.13
15.33
18.58
16.25
16.7
20.87
18.62
19.42
17.69
19.51
16.46
18.83
19.0
15.95
14.13
17.93
16.56
18.09
15.56
17.92
18.83
21.76
20.55
17.63
19.82
15.5
19.27
17.1
19.6
17.51
16.33
15.33
19.44
16.94
18.31
17.82
12.54
18.08
16.04
17.63
17.82
13.04
16.15
16.69
17.63
18.78
15.39
16.33
18.12
12.98
20.69
14.84
19.57
17.12
20.75
18.99
16.74
13.27
17.09
17.49
17.95
14.18
15.09
15.18
17.4
15.0
16.57
18.76
15.93
19.63
17.43
16.3
19.1
17.85
16.21
15.58
16.72
17.54
19.2
17.38
15.52
14.04
17.35
17.64
19.18
15.71
14.11
18.56
16.45
14.27
20.28
18.67
16.95
17.4
15.26
18.88
15.91
15.87
16.2
14.44
18.96
20.3
18.41
12.53
16.18
15.48
17.59
12.34
12.32
15.86
18.86
16.42
21.42
15.05
16.9
16.51
15.08
19.13
14.05
14.61
16.06
15.82
19.17
15.71
17.86
15.84
19.48
16.78
17.36
13.41
18.29
15.47
18.67
17.87
17.95
19.17
17.6
14.98
17.14
17.17
14.36
18.1
19.88
17.32
17.05
17.78
19.11
15.69
18.8
15.26
17.93
17.9
14.14
18.19
17.27
13.34
15.87
15.51
14.96
17.68
15.16
16.92
14.55
16.26
20.62
17.68
13.57
14.85
16.52
13.42
18.85
16.73
16.67
16.92
15.39
14.43
10.33
13.43
17.3
18.23
16.43
12.99
16.11
16.89
14.11
19.67
14.47
16.81
14.54
18.7
14.18
14.94
19.13
14.19
15.68
17.94
17.55
13.16
18.07
16.2
19.35
13.2
18.4
17.65
16.02
15.93
17.61
15.37
16.08
15.21
17.09
18.21
13.49
16.86
17.45
19.94
15.26
19.43
15.88
17.82
17.27
17.37
16.09
14.76
19.9
19.84
16.57
16.45
16.36
14.02
14.49
17.67
18.79
16.33
14.85
14.56
15.52
18.26
16.9
13.83